%YAML:1.0
---
K: !!opencv-matrix
   rows: 3
   cols: 3
   dt: d
   data: [ 9.0519914766623629e+02, 0., 6.8371654852012000e+02, 0.,
       9.0113083455010383e+02, 3.1230799861569398e+02, 0., 0., 1. ]
D: !!opencv-matrix
   rows: 1
   cols: 5
   dt: d
   data: [ -2.8153643003569734e-01, 5.3224305695095198e-01,
       8.7199521407671933e-04, 1.3382707570732344e-02,
       6.7188347002404463e+00 ]
