%YAML:1.0
---
K: !!opencv-matrix
   rows: 3
   cols: 3
   dt: d
   data: [  5.27565e+02, 0., 6.41485e+02, 0.,
       5.26895e+02, 3.67791e+02, 0., 0., 1. ]
D: !!opencv-matrix
   rows: 1
   cols: 5
   dt: d
   data: [ -4.14943e-02, 1.0105e-02,
       1.43342e-04, 1.2687e-05,
       -4.83418e-02 ]

